MainFont = 20;
FONTNAME = Arial;
debugMode = -1;
Thickness = 7;
WindowStyle = -2146959360;
SizeOfScreen.x = 1872.000000;
SizeOfScreen.y = 892.000000;
