MainFont = 20;
FONTNAME = Arial;
debugMode = -1;
Thickness = 3;
WindowStyle = -2146959360;
SizeOfScreen.x = 832.000000;
SizeOfScreen.y = 426.000000;
