MainFont = 20;
FONTNAME = Arial;
debugMode = -1;
Thickness = 3;
WindowStyle = -2146959360;
SizeOfScreen.x = 975.000000;
SizeOfScreen.y = 436.000000;
