MainFont = 20;
FONTNAME = Arial;
debugMode = -1;
Thickness = 7;
WindowStyle = -2146959360;
SizeOfScreen.x = 851.000000;
SizeOfScreen.y = 814.000000;
