MainFont = 20;
FONTNAME = Arial;
debugMode = -1;
Thickness = 71;
WindowStyle = -2146959360;
SizeOfScreen.x = 877.000000;
SizeOfScreen.y = 708.000000;
